NOECHO
------------------------------------------------------------------------------------------------------------------------
RUNSPEC
--
TITLE
Synthetica1CP-L3

DIMENS
-- NX   NY   NZ
   41   24   16  /

-- Phases present
OIL
WATER


--NOSIM


START
 1 'JAN' 2020 /

METRIC

MESSAGES
4*100000000  /

UNIFOUT

TABDIMS
-- NoSatTabl        MaxNodesSatTab             MaxFIPReg            MaxSatEndpointsDepthTab
--          NoPVTTab              MaxPressNodes         MaxRsRvNodes
      1         1        100           100         1         100           /

SMRYDIMS
50000 /

WELLDIMS
-- MaxNo  MaxPerf  MaxGroup MaxWell/Group
    500     50        10        500         /

EQLDIMS
1 /

ENDSCALE
/

ACTDIMS
4*100  /

NSTACK
45 /

SAVE
/

MONITOR

------------------------------------------------------------------------------------------------------------------------
GRID


COORD
0.00	0.00	0.00	0.00	0.00	9999.00						
47.62	0.00	0.00	47.62	0.00	9999.00	47.62	0.00	0.00	47.62	0.00	9999.00
95.24	0.00	0.00	95.24	0.00	9999.00	95.24	0.00	0.00	95.24	0.00	9999.00
142.86	0.00	0.00	142.86	0.00	9999.00	142.86	0.00	0.00	142.86	0.00	9999.00
190.48	0.00	0.00	190.48	0.00	9999.00	190.48	0.00	0.00	190.48	0.00	9999.00
238.10	0.00	0.00	238.10	0.00	9999.00	238.10	0.00	0.00	238.10	0.00	9999.00
285.71	0.00	0.00	285.71	0.00	9999.00	285.71	0.00	0.00	285.71	0.00	9999.00
333.33	0.00	0.00	333.33	0.00	9999.00	333.33	0.00	0.00	333.33	0.00	9999.00
380.95	0.00	0.00	380.95	0.00	9999.00	380.95	0.00	0.00	380.95	0.00	9999.00
428.57	0.00	0.00	428.57	0.00	9999.00	428.57	0.00	0.00	428.57	0.00	9999.00
476.19	0.00	0.00	476.19	0.00	9999.00	476.19	0.00	0.00	476.19	0.00	9999.00
523.81	0.00	0.00	523.81	0.00	9999.00	523.81	0.00	0.00	523.81	0.00	9999.00
571.43	0.00	0.00	571.43	0.00	9999.00	571.43	0.00	0.00	571.43	0.00	9999.00
619.05	0.00	0.00	619.05	0.00	9999.00	619.05	0.00	0.00	619.05	0.00	9999.00
666.67	0.00	0.00	666.67	0.00	9999.00	666.67	0.00	0.00	666.67	0.00	9999.00
714.29	0.00	0.00	714.29	0.00	9999.00	714.29	0.00	0.00	714.29	0.00	9999.00
761.90	0.00	0.00	761.90	0.00	9999.00	761.90	0.00	0.00	761.90	0.00	9999.00
809.52	0.00	0.00	809.52	0.00	9999.00	809.52	0.00	0.00	809.52	0.00	9999.00
857.14	0.00	0.00	857.14	0.00	9999.00	857.14	0.00	0.00	857.14	0.00	9999.00
904.76	0.00	0.00	904.76	0.00	9999.00	904.76	0.00	0.00	904.76	0.00	9999.00
952.38	0.00	0.00	952.38	0.00	9999.00	952.38	0.00	0.00	952.38	0.00	9999.00
1000.00	0.00	0.00	1000.00	0.00	9999.00						
23.81	41.24	0.00	23.81	41.24	9999.00	23.81	41.24	0.00	23.81	41.24	9999.00
71.43	41.24	0.00	71.43	41.24	9999.00	71.43	41.24	0.00	71.43	41.24	9999.00
119.05	41.24	0.00	119.05	41.24	9999.00	119.05	41.24	0.00	119.05	41.24	9999.00
166.67	41.24	0.00	166.67	41.24	9999.00	166.67	41.24	0.00	166.67	41.24	9999.00
214.29	41.24	0.00	214.29	41.24	9999.00	214.29	41.24	0.00	214.29	41.24	9999.00
261.90	41.24	0.00	261.90	41.24	9999.00	261.90	41.24	0.00	261.90	41.24	9999.00
309.52	41.24	0.00	309.52	41.24	9999.00	309.52	41.24	0.00	309.52	41.24	9999.00
357.14	41.24	0.00	357.14	41.24	9999.00	357.14	41.24	0.00	357.14	41.24	9999.00
404.76	41.24	0.00	404.76	41.24	9999.00	404.76	41.24	0.00	404.76	41.24	9999.00
452.38	41.24	0.00	452.38	41.24	9999.00	452.38	41.24	0.00	452.38	41.24	9999.00
500.00	41.24	0.00	500.00	41.24	9999.00	500.00	41.24	0.00	500.00	41.24	9999.00
547.62	41.24	0.00	547.62	41.24	9999.00	547.62	41.24	0.00	547.62	41.24	9999.00
595.24	41.24	0.00	595.24	41.24	9999.00	595.24	41.24	0.00	595.24	41.24	9999.00
642.86	41.24	0.00	642.86	41.24	9999.00	642.86	41.24	0.00	642.86	41.24	9999.00
690.48	41.24	0.00	690.48	41.24	9999.00	690.48	41.24	0.00	690.48	41.24	9999.00
738.10	41.24	0.00	738.10	41.24	9999.00	738.10	41.24	0.00	738.10	41.24	9999.00
785.71	41.24	0.00	785.71	41.24	9999.00	785.71	41.24	0.00	785.71	41.24	9999.00
833.33	41.24	0.00	833.33	41.24	9999.00	833.33	41.24	0.00	833.33	41.24	9999.00
880.95	41.24	0.00	880.95	41.24	9999.00	880.95	41.24	0.00	880.95	41.24	9999.00
928.57	41.24	0.00	928.57	41.24	9999.00	928.57	41.24	0.00	928.57	41.24	9999.00
976.19	41.24	0.00	976.19	41.24	9999.00	976.19	41.24	0.00	976.19	41.24	9999.00
0.00	82.48	0.00	0.00	82.48	9999.00						
47.62	82.48	0.00	47.62	82.48	9999.00	47.62	82.48	0.00	47.62	82.48	9999.00
95.24	82.48	0.00	95.24	82.48	9999.00	95.24	82.48	0.00	95.24	82.48	9999.00
142.86	82.48	0.00	142.86	82.48	9999.00	142.86	82.48	0.00	142.86	82.48	9999.00
190.48	82.48	0.00	190.48	82.48	9999.00	190.48	82.48	0.00	190.48	82.48	9999.00
238.10	82.48	0.00	238.10	82.48	9999.00	238.10	82.48	0.00	238.10	82.48	9999.00
285.71	82.48	0.00	285.71	82.48	9999.00	285.71	82.48	0.00	285.71	82.48	9999.00
333.33	82.48	0.00	333.33	82.48	9999.00	333.33	82.48	0.00	333.33	82.48	9999.00
380.95	82.48	0.00	380.95	82.48	9999.00	380.95	82.48	0.00	380.95	82.48	9999.00
428.57	82.48	0.00	428.57	82.48	9999.00	428.57	82.48	0.00	428.57	82.48	9999.00
476.19	82.48	0.00	476.19	82.48	9999.00	476.19	82.48	0.00	476.19	82.48	9999.00
523.81	82.48	0.00	523.81	82.48	9999.00	523.81	82.48	0.00	523.81	82.48	9999.00
571.43	82.48	0.00	571.43	82.48	9999.00	571.43	82.48	0.00	571.43	82.48	9999.00
619.05	82.48	0.00	619.05	82.48	9999.00	619.05	82.48	0.00	619.05	82.48	9999.00
666.67	82.48	0.00	666.67	82.48	9999.00	666.67	82.48	0.00	666.67	82.48	9999.00
714.29	82.48	0.00	714.29	82.48	9999.00	714.29	82.48	0.00	714.29	82.48	9999.00
761.90	82.48	0.00	761.90	82.48	9999.00	761.90	82.48	0.00	761.90	82.48	9999.00
809.52	82.48	0.00	809.52	82.48	9999.00	809.52	82.48	0.00	809.52	82.48	9999.00
857.14	82.48	0.00	857.14	82.48	9999.00	857.14	82.48	0.00	857.14	82.48	9999.00
904.76	82.48	0.00	904.76	82.48	9999.00	904.76	82.48	0.00	904.76	82.48	9999.00
952.38	82.48	0.00	952.38	82.48	9999.00	952.38	82.48	0.00	952.38	82.48	9999.00
1000.00	82.48	0.00	1000.00	82.48	9999.00						
23.81	123.72	0.00	23.81	123.72	9999.00	23.81	123.72	0.00	23.81	123.72	9999.00
71.43	123.72	0.00	71.43	123.72	9999.00	71.43	123.72	0.00	71.43	123.72	9999.00
119.05	123.72	0.00	119.05	123.72	9999.00	119.05	123.72	0.00	119.05	123.72	9999.00
166.67	123.72	0.00	166.67	123.72	9999.00	166.67	123.72	0.00	166.67	123.72	9999.00
214.29	123.72	0.00	214.29	123.72	9999.00	214.29	123.72	0.00	214.29	123.72	9999.00
261.90	123.72	0.00	261.90	123.72	9999.00	261.90	123.72	0.00	261.90	123.72	9999.00
309.52	123.72	0.00	309.52	123.72	9999.00	309.52	123.72	0.00	309.52	123.72	9999.00
357.14	123.72	0.00	357.14	123.72	9999.00	357.14	123.72	0.00	357.14	123.72	9999.00
404.76	123.72	0.00	404.76	123.72	9999.00	404.76	123.72	0.00	404.76	123.72	9999.00
452.38	123.72	0.00	452.38	123.72	9999.00	452.38	123.72	0.00	452.38	123.72	9999.00
500.00	123.72	0.00	500.00	123.72	9999.00	500.00	123.72	0.00	500.00	123.72	9999.00
547.62	123.72	0.00	547.62	123.72	9999.00	547.62	123.72	0.00	547.62	123.72	9999.00
595.24	123.72	0.00	595.24	123.72	9999.00	595.24	123.72	0.00	595.24	123.72	9999.00
642.86	123.72	0.00	642.86	123.72	9999.00	642.86	123.72	0.00	642.86	123.72	9999.00
690.48	123.72	0.00	690.48	123.72	9999.00	690.48	123.72	0.00	690.48	123.72	9999.00
738.10	123.72	0.00	738.10	123.72	9999.00	738.10	123.72	0.00	738.10	123.72	9999.00
785.71	123.72	0.00	785.71	123.72	9999.00	785.71	123.72	0.00	785.71	123.72	9999.00
833.33	123.72	0.00	833.33	123.72	9999.00	833.33	123.72	0.00	833.33	123.72	9999.00
880.95	123.72	0.00	880.95	123.72	9999.00	880.95	123.72	0.00	880.95	123.72	9999.00
928.57	123.72	0.00	928.57	123.72	9999.00	928.57	123.72	0.00	928.57	123.72	9999.00
976.19	123.72	0.00	976.19	123.72	9999.00	976.19	123.72	0.00	976.19	123.72	9999.00
0.00	164.96	0.00	0.00	164.96	9999.00						
47.62	164.96	0.00	47.62	164.96	9999.00	47.62	164.96	0.00	47.62	164.96	9999.00
95.24	164.96	0.00	95.24	164.96	9999.00	95.24	164.96	0.00	95.24	164.96	9999.00
142.86	164.96	0.00	142.86	164.96	9999.00	142.86	164.96	0.00	142.86	164.96	9999.00
190.48	164.96	0.00	190.48	164.96	9999.00	190.48	164.96	0.00	190.48	164.96	9999.00
238.10	164.96	0.00	238.10	164.96	9999.00	238.10	164.96	0.00	238.10	164.96	9999.00
285.71	164.96	0.00	285.71	164.96	9999.00	285.71	164.96	0.00	285.71	164.96	9999.00
333.33	164.96	0.00	333.33	164.96	9999.00	333.33	164.96	0.00	333.33	164.96	9999.00
380.95	164.96	0.00	380.95	164.96	9999.00	380.95	164.96	0.00	380.95	164.96	9999.00
428.57	164.96	0.00	428.57	164.96	9999.00	428.57	164.96	0.00	428.57	164.96	9999.00
476.19	164.96	0.00	476.19	164.96	9999.00	476.19	164.96	0.00	476.19	164.96	9999.00
523.81	164.96	0.00	523.81	164.96	9999.00	523.81	164.96	0.00	523.81	164.96	9999.00
571.43	164.96	0.00	571.43	164.96	9999.00	571.43	164.96	0.00	571.43	164.96	9999.00
619.05	164.96	0.00	619.05	164.96	9999.00	619.05	164.96	0.00	619.05	164.96	9999.00
666.67	164.96	0.00	666.67	164.96	9999.00	666.67	164.96	0.00	666.67	164.96	9999.00
714.29	164.96	0.00	714.29	164.96	9999.00	714.29	164.96	0.00	714.29	164.96	9999.00
761.90	164.96	0.00	761.90	164.96	9999.00	761.90	164.96	0.00	761.90	164.96	9999.00
809.52	164.96	0.00	809.52	164.96	9999.00	809.52	164.96	0.00	809.52	164.96	9999.00
857.14	164.96	0.00	857.14	164.96	9999.00	857.14	164.96	0.00	857.14	164.96	9999.00
904.76	164.96	0.00	904.76	164.96	9999.00	904.76	164.96	0.00	904.76	164.96	9999.00
952.38	164.96	0.00	952.38	164.96	9999.00	952.38	164.96	0.00	952.38	164.96	9999.00
1000.00	164.96	0.00	1000.00	164.96	9999.00						
23.81	206.20	0.00	23.81	206.20	9999.00	23.81	206.20	0.00	23.81	206.20	9999.00
71.43	206.20	0.00	71.43	206.20	9999.00	71.43	206.20	0.00	71.43	206.20	9999.00
119.05	206.20	0.00	119.05	206.20	9999.00	119.05	206.20	0.00	119.05	206.20	9999.00
166.67	206.20	0.00	166.67	206.20	9999.00	166.67	206.20	0.00	166.67	206.20	9999.00
214.29	206.20	0.00	214.29	206.20	9999.00	214.29	206.20	0.00	214.29	206.20	9999.00
261.90	206.20	0.00	261.90	206.20	9999.00	261.90	206.20	0.00	261.90	206.20	9999.00
309.52	206.20	0.00	309.52	206.20	9999.00	309.52	206.20	0.00	309.52	206.20	9999.00
357.14	206.20	0.00	357.14	206.20	9999.00	357.14	206.20	0.00	357.14	206.20	9999.00
404.76	206.20	0.00	404.76	206.20	9999.00	404.76	206.20	0.00	404.76	206.20	9999.00
452.38	206.20	0.00	452.38	206.20	9999.00	452.38	206.20	0.00	452.38	206.20	9999.00
500.00	206.20	0.00	500.00	206.20	9999.00	500.00	206.20	0.00	500.00	206.20	9999.00
547.62	206.20	0.00	547.62	206.20	9999.00	547.62	206.20	0.00	547.62	206.20	9999.00
595.24	206.20	0.00	595.24	206.20	9999.00	595.24	206.20	0.00	595.24	206.20	9999.00
642.86	206.20	0.00	642.86	206.20	9999.00	642.86	206.20	0.00	642.86	206.20	9999.00
690.48	206.20	0.00	690.48	206.20	9999.00	690.48	206.20	0.00	690.48	206.20	9999.00
738.10	206.20	0.00	738.10	206.20	9999.00	738.10	206.20	0.00	738.10	206.20	9999.00
785.71	206.20	0.00	785.71	206.20	9999.00	785.71	206.20	0.00	785.71	206.20	9999.00
833.33	206.20	0.00	833.33	206.20	9999.00	833.33	206.20	0.00	833.33	206.20	9999.00
880.95	206.20	0.00	880.95	206.20	9999.00	880.95	206.20	0.00	880.95	206.20	9999.00
928.57	206.20	0.00	928.57	206.20	9999.00	928.57	206.20	0.00	928.57	206.20	9999.00
976.19	206.20	0.00	976.19	206.20	9999.00	976.19	206.20	0.00	976.19	206.20	9999.00
0.00	247.44	0.00	0.00	247.44	9999.00						
47.62	247.44	0.00	47.62	247.44	9999.00	47.62	247.44	0.00	47.62	247.44	9999.00
95.24	247.44	0.00	95.24	247.44	9999.00	95.24	247.44	0.00	95.24	247.44	9999.00
142.86	247.44	0.00	142.86	247.44	9999.00	142.86	247.44	0.00	142.86	247.44	9999.00
190.48	247.44	0.00	190.48	247.44	9999.00	190.48	247.44	0.00	190.48	247.44	9999.00
238.10	247.44	0.00	238.10	247.44	9999.00	238.10	247.44	0.00	238.10	247.44	9999.00
285.71	247.44	0.00	285.71	247.44	9999.00	285.71	247.44	0.00	285.71	247.44	9999.00
333.33	247.44	0.00	333.33	247.44	9999.00	333.33	247.44	0.00	333.33	247.44	9999.00
380.95	247.44	0.00	380.95	247.44	9999.00	380.95	247.44	0.00	380.95	247.44	9999.00
428.57	247.44	0.00	428.57	247.44	9999.00	428.57	247.44	0.00	428.57	247.44	9999.00
476.19	247.44	0.00	476.19	247.44	9999.00	476.19	247.44	0.00	476.19	247.44	9999.00
523.81	247.44	0.00	523.81	247.44	9999.00	523.81	247.44	0.00	523.81	247.44	9999.00
571.43	247.44	0.00	571.43	247.44	9999.00	571.43	247.44	0.00	571.43	247.44	9999.00
619.05	247.44	0.00	619.05	247.44	9999.00	619.05	247.44	0.00	619.05	247.44	9999.00
666.67	247.44	0.00	666.67	247.44	9999.00	666.67	247.44	0.00	666.67	247.44	9999.00
714.29	247.44	0.00	714.29	247.44	9999.00	714.29	247.44	0.00	714.29	247.44	9999.00
761.90	247.44	0.00	761.90	247.44	9999.00	761.90	247.44	0.00	761.90	247.44	9999.00
809.52	247.44	0.00	809.52	247.44	9999.00	809.52	247.44	0.00	809.52	247.44	9999.00
857.14	247.44	0.00	857.14	247.44	9999.00	857.14	247.44	0.00	857.14	247.44	9999.00
904.76	247.44	0.00	904.76	247.44	9999.00	904.76	247.44	0.00	904.76	247.44	9999.00
952.38	247.44	0.00	952.38	247.44	9999.00	952.38	247.44	0.00	952.38	247.44	9999.00
1000.00	247.44	0.00	1000.00	247.44	9999.00						
23.81	288.68	0.00	23.81	288.68	9999.00	23.81	288.68	0.00	23.81	288.68	9999.00
71.43	288.68	0.00	71.43	288.68	9999.00	71.43	288.68	0.00	71.43	288.68	9999.00
119.05	288.68	0.00	119.05	288.68	9999.00	119.05	288.68	0.00	119.05	288.68	9999.00
166.67	288.68	0.00	166.67	288.68	9999.00	166.67	288.68	0.00	166.67	288.68	9999.00
214.29	288.68	0.00	214.29	288.68	9999.00	214.29	288.68	0.00	214.29	288.68	9999.00
261.90	288.68	0.00	261.90	288.68	9999.00	261.90	288.68	0.00	261.90	288.68	9999.00
309.52	288.68	0.00	309.52	288.68	9999.00	309.52	288.68	0.00	309.52	288.68	9999.00
357.14	288.68	0.00	357.14	288.68	9999.00	357.14	288.68	0.00	357.14	288.68	9999.00
404.76	288.68	0.00	404.76	288.68	9999.00	404.76	288.68	0.00	404.76	288.68	9999.00
452.38	288.68	0.00	452.38	288.68	9999.00	452.38	288.68	0.00	452.38	288.68	9999.00
500.00	288.68	0.00	500.00	288.68	9999.00	500.00	288.68	0.00	500.00	288.68	9999.00
547.62	288.68	0.00	547.62	288.68	9999.00	547.62	288.68	0.00	547.62	288.68	9999.00
595.24	288.68	0.00	595.24	288.68	9999.00	595.24	288.68	0.00	595.24	288.68	9999.00
642.86	288.68	0.00	642.86	288.68	9999.00	642.86	288.68	0.00	642.86	288.68	9999.00
690.48	288.68	0.00	690.48	288.68	9999.00	690.48	288.68	0.00	690.48	288.68	9999.00
738.10	288.68	0.00	738.10	288.68	9999.00	738.10	288.68	0.00	738.10	288.68	9999.00
785.71	288.68	0.00	785.71	288.68	9999.00	785.71	288.68	0.00	785.71	288.68	9999.00
833.33	288.68	0.00	833.33	288.68	9999.00	833.33	288.68	0.00	833.33	288.68	9999.00
880.95	288.68	0.00	880.95	288.68	9999.00	880.95	288.68	0.00	880.95	288.68	9999.00
928.57	288.68	0.00	928.57	288.68	9999.00	928.57	288.68	0.00	928.57	288.68	9999.00
976.19	288.68	0.00	976.19	288.68	9999.00	976.19	288.68	0.00	976.19	288.68	9999.00
0.00	329.91	0.00	0.00	329.91	9999.00						
47.62	329.91	0.00	47.62	329.91	9999.00	47.62	329.91	0.00	47.62	329.91	9999.00
95.24	329.91	0.00	95.24	329.91	9999.00	95.24	329.91	0.00	95.24	329.91	9999.00
142.86	329.91	0.00	142.86	329.91	9999.00	142.86	329.91	0.00	142.86	329.91	9999.00
190.48	329.91	0.00	190.48	329.91	9999.00	190.48	329.91	0.00	190.48	329.91	9999.00
238.10	329.91	0.00	238.10	329.91	9999.00	238.10	329.91	0.00	238.10	329.91	9999.00
285.71	329.91	0.00	285.71	329.91	9999.00	285.71	329.91	0.00	285.71	329.91	9999.00
333.33	329.91	0.00	333.33	329.91	9999.00	333.33	329.91	0.00	333.33	329.91	9999.00
380.95	329.91	0.00	380.95	329.91	9999.00	380.95	329.91	0.00	380.95	329.91	9999.00
428.57	329.91	0.00	428.57	329.91	9999.00	428.57	329.91	0.00	428.57	329.91	9999.00
476.19	329.91	0.00	476.19	329.91	9999.00	476.19	329.91	0.00	476.19	329.91	9999.00
523.81	329.91	0.00	523.81	329.91	9999.00	523.81	329.91	0.00	523.81	329.91	9999.00
571.43	329.91	0.00	571.43	329.91	9999.00	571.43	329.91	0.00	571.43	329.91	9999.00
619.05	329.91	0.00	619.05	329.91	9999.00	619.05	329.91	0.00	619.05	329.91	9999.00
666.67	329.91	0.00	666.67	329.91	9999.00	666.67	329.91	0.00	666.67	329.91	9999.00
714.29	329.91	0.00	714.29	329.91	9999.00	714.29	329.91	0.00	714.29	329.91	9999.00
761.90	329.91	0.00	761.90	329.91	9999.00	761.90	329.91	0.00	761.90	329.91	9999.00
809.52	329.91	0.00	809.52	329.91	9999.00	809.52	329.91	0.00	809.52	329.91	9999.00
857.14	329.91	0.00	857.14	329.91	9999.00	857.14	329.91	0.00	857.14	329.91	9999.00
904.76	329.91	0.00	904.76	329.91	9999.00	904.76	329.91	0.00	904.76	329.91	9999.00
952.38	329.91	0.00	952.38	329.91	9999.00	952.38	329.91	0.00	952.38	329.91	9999.00
1000.00	329.91	0.00	1000.00	329.91	9999.00						
23.81	371.15	0.00	23.81	371.15	9999.00	23.81	371.15	0.00	23.81	371.15	9999.00
71.43	371.15	0.00	71.43	371.15	9999.00	71.43	371.15	0.00	71.43	371.15	9999.00
119.05	371.15	0.00	119.05	371.15	9999.00	119.05	371.15	0.00	119.05	371.15	9999.00
166.67	371.15	0.00	166.67	371.15	9999.00	166.67	371.15	0.00	166.67	371.15	9999.00
214.29	371.15	0.00	214.29	371.15	9999.00	214.29	371.15	0.00	214.29	371.15	9999.00
261.90	371.15	0.00	261.90	371.15	9999.00	261.90	371.15	0.00	261.90	371.15	9999.00
309.52	371.15	0.00	309.52	371.15	9999.00	309.52	371.15	0.00	309.52	371.15	9999.00
357.14	371.15	0.00	357.14	371.15	9999.00	357.14	371.15	0.00	357.14	371.15	9999.00
404.76	371.15	0.00	404.76	371.15	9999.00	404.76	371.15	0.00	404.76	371.15	9999.00
452.38	371.15	0.00	452.38	371.15	9999.00	452.38	371.15	0.00	452.38	371.15	9999.00
500.00	371.15	0.00	500.00	371.15	9999.00	500.00	371.15	0.00	500.00	371.15	9999.00
547.62	371.15	0.00	547.62	371.15	9999.00	547.62	371.15	0.00	547.62	371.15	9999.00
595.24	371.15	0.00	595.24	371.15	9999.00	595.24	371.15	0.00	595.24	371.15	9999.00
642.86	371.15	0.00	642.86	371.15	9999.00	642.86	371.15	0.00	642.86	371.15	9999.00
690.48	371.15	0.00	690.48	371.15	9999.00	690.48	371.15	0.00	690.48	371.15	9999.00
738.10	371.15	0.00	738.10	371.15	9999.00	738.10	371.15	0.00	738.10	371.15	9999.00
785.71	371.15	0.00	785.71	371.15	9999.00	785.71	371.15	0.00	785.71	371.15	9999.00
833.33	371.15	0.00	833.33	371.15	9999.00	833.33	371.15	0.00	833.33	371.15	9999.00
880.95	371.15	0.00	880.95	371.15	9999.00	880.95	371.15	0.00	880.95	371.15	9999.00
928.57	371.15	0.00	928.57	371.15	9999.00	928.57	371.15	0.00	928.57	371.15	9999.00
976.19	371.15	0.00	976.19	371.15	9999.00	976.19	371.15	0.00	976.19	371.15	9999.00
0.00	412.39	0.00	0.00	412.39	9999.00						
47.62	412.39	0.00	47.62	412.39	9999.00	47.62	412.39	0.00	47.62	412.39	9999.00
95.24	412.39	0.00	95.24	412.39	9999.00	95.24	412.39	0.00	95.24	412.39	9999.00
142.86	412.39	0.00	142.86	412.39	9999.00	142.86	412.39	0.00	142.86	412.39	9999.00
190.48	412.39	0.00	190.48	412.39	9999.00	190.48	412.39	0.00	190.48	412.39	9999.00
238.10	412.39	0.00	238.10	412.39	9999.00	238.10	412.39	0.00	238.10	412.39	9999.00
285.71	412.39	0.00	285.71	412.39	9999.00	285.71	412.39	0.00	285.71	412.39	9999.00
333.33	412.39	0.00	333.33	412.39	9999.00	333.33	412.39	0.00	333.33	412.39	9999.00
380.95	412.39	0.00	380.95	412.39	9999.00	380.95	412.39	0.00	380.95	412.39	9999.00
428.57	412.39	0.00	428.57	412.39	9999.00	428.57	412.39	0.00	428.57	412.39	9999.00
476.19	412.39	0.00	476.19	412.39	9999.00	476.19	412.39	0.00	476.19	412.39	9999.00
523.81	412.39	0.00	523.81	412.39	9999.00	523.81	412.39	0.00	523.81	412.39	9999.00
571.43	412.39	0.00	571.43	412.39	9999.00	571.43	412.39	0.00	571.43	412.39	9999.00
619.05	412.39	0.00	619.05	412.39	9999.00	619.05	412.39	0.00	619.05	412.39	9999.00
666.67	412.39	0.00	666.67	412.39	9999.00	666.67	412.39	0.00	666.67	412.39	9999.00
714.29	412.39	0.00	714.29	412.39	9999.00	714.29	412.39	0.00	714.29	412.39	9999.00
761.90	412.39	0.00	761.90	412.39	9999.00	761.90	412.39	0.00	761.90	412.39	9999.00
809.52	412.39	0.00	809.52	412.39	9999.00	809.52	412.39	0.00	809.52	412.39	9999.00
857.14	412.39	0.00	857.14	412.39	9999.00	857.14	412.39	0.00	857.14	412.39	9999.00
904.76	412.39	0.00	904.76	412.39	9999.00	904.76	412.39	0.00	904.76	412.39	9999.00
952.38	412.39	0.00	952.38	412.39	9999.00	952.38	412.39	0.00	952.38	412.39	9999.00
1000.00	412.39	0.00	1000.00	412.39	9999.00						
23.81	453.63	0.00	23.81	453.63	9999.00	23.81	453.63	0.00	23.81	453.63	9999.00
71.43	453.63	0.00	71.43	453.63	9999.00	71.43	453.63	0.00	71.43	453.63	9999.00
119.05	453.63	0.00	119.05	453.63	9999.00	119.05	453.63	0.00	119.05	453.63	9999.00
166.67	453.63	0.00	166.67	453.63	9999.00	166.67	453.63	0.00	166.67	453.63	9999.00
214.29	453.63	0.00	214.29	453.63	9999.00	214.29	453.63	0.00	214.29	453.63	9999.00
261.90	453.63	0.00	261.90	453.63	9999.00	261.90	453.63	0.00	261.90	453.63	9999.00
309.52	453.63	0.00	309.52	453.63	9999.00	309.52	453.63	0.00	309.52	453.63	9999.00
357.14	453.63	0.00	357.14	453.63	9999.00	357.14	453.63	0.00	357.14	453.63	9999.00
404.76	453.63	0.00	404.76	453.63	9999.00	404.76	453.63	0.00	404.76	453.63	9999.00
452.38	453.63	0.00	452.38	453.63	9999.00	452.38	453.63	0.00	452.38	453.63	9999.00
500.00	453.63	0.00	500.00	453.63	9999.00	500.00	453.63	0.00	500.00	453.63	9999.00
547.62	453.63	0.00	547.62	453.63	9999.00	547.62	453.63	0.00	547.62	453.63	9999.00
595.24	453.63	0.00	595.24	453.63	9999.00	595.24	453.63	0.00	595.24	453.63	9999.00
642.86	453.63	0.00	642.86	453.63	9999.00	642.86	453.63	0.00	642.86	453.63	9999.00
690.48	453.63	0.00	690.48	453.63	9999.00	690.48	453.63	0.00	690.48	453.63	9999.00
738.10	453.63	0.00	738.10	453.63	9999.00	738.10	453.63	0.00	738.10	453.63	9999.00
785.71	453.63	0.00	785.71	453.63	9999.00	785.71	453.63	0.00	785.71	453.63	9999.00
833.33	453.63	0.00	833.33	453.63	9999.00	833.33	453.63	0.00	833.33	453.63	9999.00
880.95	453.63	0.00	880.95	453.63	9999.00	880.95	453.63	0.00	880.95	453.63	9999.00
928.57	453.63	0.00	928.57	453.63	9999.00	928.57	453.63	0.00	928.57	453.63	9999.00
976.19	453.63	0.00	976.19	453.63	9999.00	976.19	453.63	0.00	976.19	453.63	9999.00
0.00	494.87	0.00	0.00	494.87	9999.00						
47.62	494.87	0.00	47.62	494.87	9999.00	47.62	494.87	0.00	47.62	494.87	9999.00
95.24	494.87	0.00	95.24	494.87	9999.00	95.24	494.87	0.00	95.24	494.87	9999.00
142.86	494.87	0.00	142.86	494.87	9999.00	142.86	494.87	0.00	142.86	494.87	9999.00
190.48	494.87	0.00	190.48	494.87	9999.00	190.48	494.87	0.00	190.48	494.87	9999.00
238.10	494.87	0.00	238.10	494.87	9999.00	238.10	494.87	0.00	238.10	494.87	9999.00
285.71	494.87	0.00	285.71	494.87	9999.00	285.71	494.87	0.00	285.71	494.87	9999.00
333.33	494.87	0.00	333.33	494.87	9999.00	333.33	494.87	0.00	333.33	494.87	9999.00
380.95	494.87	0.00	380.95	494.87	9999.00	380.95	494.87	0.00	380.95	494.87	9999.00
428.57	494.87	0.00	428.57	494.87	9999.00	428.57	494.87	0.00	428.57	494.87	9999.00
476.19	494.87	0.00	476.19	494.87	9999.00	476.19	494.87	0.00	476.19	494.87	9999.00
523.81	494.87	0.00	523.81	494.87	9999.00	523.81	494.87	0.00	523.81	494.87	9999.00
571.43	494.87	0.00	571.43	494.87	9999.00	571.43	494.87	0.00	571.43	494.87	9999.00
619.05	494.87	0.00	619.05	494.87	9999.00	619.05	494.87	0.00	619.05	494.87	9999.00
666.67	494.87	0.00	666.67	494.87	9999.00	666.67	494.87	0.00	666.67	494.87	9999.00
714.29	494.87	0.00	714.29	494.87	9999.00	714.29	494.87	0.00	714.29	494.87	9999.00
761.90	494.87	0.00	761.90	494.87	9999.00	761.90	494.87	0.00	761.90	494.87	9999.00
809.52	494.87	0.00	809.52	494.87	9999.00	809.52	494.87	0.00	809.52	494.87	9999.00
857.14	494.87	0.00	857.14	494.87	9999.00	857.14	494.87	0.00	857.14	494.87	9999.00
904.76	494.87	0.00	904.76	494.87	9999.00	904.76	494.87	0.00	904.76	494.87	9999.00
952.38	494.87	0.00	952.38	494.87	9999.00	952.38	494.87	0.00	952.38	494.87	9999.00
1000.00	494.87	0.00	1000.00	494.87	9999.00						
23.81	536.11	0.00	23.81	536.11	9999.00	23.81	536.11	0.00	23.81	536.11	9999.00
71.43	536.11	0.00	71.43	536.11	9999.00	71.43	536.11	0.00	71.43	536.11	9999.00
119.05	536.11	0.00	119.05	536.11	9999.00	119.05	536.11	0.00	119.05	536.11	9999.00
166.67	536.11	0.00	166.67	536.11	9999.00	166.67	536.11	0.00	166.67	536.11	9999.00
214.29	536.11	0.00	214.29	536.11	9999.00	214.29	536.11	0.00	214.29	536.11	9999.00
261.90	536.11	0.00	261.90	536.11	9999.00	261.90	536.11	0.00	261.90	536.11	9999.00
309.52	536.11	0.00	309.52	536.11	9999.00	309.52	536.11	0.00	309.52	536.11	9999.00
357.14	536.11	0.00	357.14	536.11	9999.00	357.14	536.11	0.00	357.14	536.11	9999.00
404.76	536.11	0.00	404.76	536.11	9999.00	404.76	536.11	0.00	404.76	536.11	9999.00
452.38	536.11	0.00	452.38	536.11	9999.00	452.38	536.11	0.00	452.38	536.11	9999.00
500.00	536.11	0.00	500.00	536.11	9999.00	500.00	536.11	0.00	500.00	536.11	9999.00
547.62	536.11	0.00	547.62	536.11	9999.00	547.62	536.11	0.00	547.62	536.11	9999.00
595.24	536.11	0.00	595.24	536.11	9999.00	595.24	536.11	0.00	595.24	536.11	9999.00
642.86	536.11	0.00	642.86	536.11	9999.00	642.86	536.11	0.00	642.86	536.11	9999.00
690.48	536.11	0.00	690.48	536.11	9999.00	690.48	536.11	0.00	690.48	536.11	9999.00
738.10	536.11	0.00	738.10	536.11	9999.00	738.10	536.11	0.00	738.10	536.11	9999.00
785.71	536.11	0.00	785.71	536.11	9999.00	785.71	536.11	0.00	785.71	536.11	9999.00
833.33	536.11	0.00	833.33	536.11	9999.00	833.33	536.11	0.00	833.33	536.11	9999.00
880.95	536.11	0.00	880.95	536.11	9999.00	880.95	536.11	0.00	880.95	536.11	9999.00
928.57	536.11	0.00	928.57	536.11	9999.00	928.57	536.11	0.00	928.57	536.11	9999.00
976.19	536.11	0.00	976.19	536.11	9999.00	976.19	536.11	0.00	976.19	536.11	9999.00
0.00	577.35	0.00	0.00	577.35	9999.00						
47.62	577.35	0.00	47.62	577.35	9999.00	47.62	577.35	0.00	47.62	577.35	9999.00
95.24	577.35	0.00	95.24	577.35	9999.00	95.24	577.35	0.00	95.24	577.35	9999.00
142.86	577.35	0.00	142.86	577.35	9999.00	142.86	577.35	0.00	142.86	577.35	9999.00
190.48	577.35	0.00	190.48	577.35	9999.00	190.48	577.35	0.00	190.48	577.35	9999.00
238.10	577.35	0.00	238.10	577.35	9999.00	238.10	577.35	0.00	238.10	577.35	9999.00
285.71	577.35	0.00	285.71	577.35	9999.00	285.71	577.35	0.00	285.71	577.35	9999.00
333.33	577.35	0.00	333.33	577.35	9999.00	333.33	577.35	0.00	333.33	577.35	9999.00
380.95	577.35	0.00	380.95	577.35	9999.00	380.95	577.35	0.00	380.95	577.35	9999.00
428.57	577.35	0.00	428.57	577.35	9999.00	428.57	577.35	0.00	428.57	577.35	9999.00
476.19	577.35	0.00	476.19	577.35	9999.00	476.19	577.35	0.00	476.19	577.35	9999.00
523.81	577.35	0.00	523.81	577.35	9999.00	523.81	577.35	0.00	523.81	577.35	9999.00
571.43	577.35	0.00	571.43	577.35	9999.00	571.43	577.35	0.00	571.43	577.35	9999.00
619.05	577.35	0.00	619.05	577.35	9999.00	619.05	577.35	0.00	619.05	577.35	9999.00
666.67	577.35	0.00	666.67	577.35	9999.00	666.67	577.35	0.00	666.67	577.35	9999.00
714.29	577.35	0.00	714.29	577.35	9999.00	714.29	577.35	0.00	714.29	577.35	9999.00
761.90	577.35	0.00	761.90	577.35	9999.00	761.90	577.35	0.00	761.90	577.35	9999.00
809.52	577.35	0.00	809.52	577.35	9999.00	809.52	577.35	0.00	809.52	577.35	9999.00
857.14	577.35	0.00	857.14	577.35	9999.00	857.14	577.35	0.00	857.14	577.35	9999.00
904.76	577.35	0.00	904.76	577.35	9999.00	904.76	577.35	0.00	904.76	577.35	9999.00
952.38	577.35	0.00	952.38	577.35	9999.00	952.38	577.35	0.00	952.38	577.35	9999.00
1000.00	577.35	0.00	1000.00	577.35	9999.00						
23.81	618.59	0.00	23.81	618.59	9999.00	23.81	618.59	0.00	23.81	618.59	9999.00
71.43	618.59	0.00	71.43	618.59	9999.00	71.43	618.59	0.00	71.43	618.59	9999.00
119.05	618.59	0.00	119.05	618.59	9999.00	119.05	618.59	0.00	119.05	618.59	9999.00
166.67	618.59	0.00	166.67	618.59	9999.00	166.67	618.59	0.00	166.67	618.59	9999.00
214.29	618.59	0.00	214.29	618.59	9999.00	214.29	618.59	0.00	214.29	618.59	9999.00
261.90	618.59	0.00	261.90	618.59	9999.00	261.90	618.59	0.00	261.90	618.59	9999.00
309.52	618.59	0.00	309.52	618.59	9999.00	309.52	618.59	0.00	309.52	618.59	9999.00
357.14	618.59	0.00	357.14	618.59	9999.00	357.14	618.59	0.00	357.14	618.59	9999.00
404.76	618.59	0.00	404.76	618.59	9999.00	404.76	618.59	0.00	404.76	618.59	9999.00
452.38	618.59	0.00	452.38	618.59	9999.00	452.38	618.59	0.00	452.38	618.59	9999.00
500.00	618.59	0.00	500.00	618.59	9999.00	500.00	618.59	0.00	500.00	618.59	9999.00
547.62	618.59	0.00	547.62	618.59	9999.00	547.62	618.59	0.00	547.62	618.59	9999.00
595.24	618.59	0.00	595.24	618.59	9999.00	595.24	618.59	0.00	595.24	618.59	9999.00
642.86	618.59	0.00	642.86	618.59	9999.00	642.86	618.59	0.00	642.86	618.59	9999.00
690.48	618.59	0.00	690.48	618.59	9999.00	690.48	618.59	0.00	690.48	618.59	9999.00
738.10	618.59	0.00	738.10	618.59	9999.00	738.10	618.59	0.00	738.10	618.59	9999.00
785.71	618.59	0.00	785.71	618.59	9999.00	785.71	618.59	0.00	785.71	618.59	9999.00
833.33	618.59	0.00	833.33	618.59	9999.00	833.33	618.59	0.00	833.33	618.59	9999.00
880.95	618.59	0.00	880.95	618.59	9999.00	880.95	618.59	0.00	880.95	618.59	9999.00
928.57	618.59	0.00	928.57	618.59	9999.00	928.57	618.59	0.00	928.57	618.59	9999.00
976.19	618.59	0.00	976.19	618.59	9999.00	976.19	618.59	0.00	976.19	618.59	9999.00
0.00	659.83	0.00	0.00	659.83	9999.00						
47.62	659.83	0.00	47.62	659.83	9999.00	47.62	659.83	0.00	47.62	659.83	9999.00
95.24	659.83	0.00	95.24	659.83	9999.00	95.24	659.83	0.00	95.24	659.83	9999.00
142.86	659.83	0.00	142.86	659.83	9999.00	142.86	659.83	0.00	142.86	659.83	9999.00
190.48	659.83	0.00	190.48	659.83	9999.00	190.48	659.83	0.00	190.48	659.83	9999.00
238.10	659.83	0.00	238.10	659.83	9999.00	238.10	659.83	0.00	238.10	659.83	9999.00
285.71	659.83	0.00	285.71	659.83	9999.00	285.71	659.83	0.00	285.71	659.83	9999.00
333.33	659.83	0.00	333.33	659.83	9999.00	333.33	659.83	0.00	333.33	659.83	9999.00
380.95	659.83	0.00	380.95	659.83	9999.00	380.95	659.83	0.00	380.95	659.83	9999.00
428.57	659.83	0.00	428.57	659.83	9999.00	428.57	659.83	0.00	428.57	659.83	9999.00
476.19	659.83	0.00	476.19	659.83	9999.00	476.19	659.83	0.00	476.19	659.83	9999.00
523.81	659.83	0.00	523.81	659.83	9999.00	523.81	659.83	0.00	523.81	659.83	9999.00
571.43	659.83	0.00	571.43	659.83	9999.00	571.43	659.83	0.00	571.43	659.83	9999.00
619.05	659.83	0.00	619.05	659.83	9999.00	619.05	659.83	0.00	619.05	659.83	9999.00
666.67	659.83	0.00	666.67	659.83	9999.00	666.67	659.83	0.00	666.67	659.83	9999.00
714.29	659.83	0.00	714.29	659.83	9999.00	714.29	659.83	0.00	714.29	659.83	9999.00
761.90	659.83	0.00	761.90	659.83	9999.00	761.90	659.83	0.00	761.90	659.83	9999.00
809.52	659.83	0.00	809.52	659.83	9999.00	809.52	659.83	0.00	809.52	659.83	9999.00
857.14	659.83	0.00	857.14	659.83	9999.00	857.14	659.83	0.00	857.14	659.83	9999.00
904.76	659.83	0.00	904.76	659.83	9999.00	904.76	659.83	0.00	904.76	659.83	9999.00
952.38	659.83	0.00	952.38	659.83	9999.00	952.38	659.83	0.00	952.38	659.83	9999.00
1000.00	659.83	0.00	1000.00	659.83	9999.00						
23.81	701.07	0.00	23.81	701.07	9999.00	23.81	701.07	0.00	23.81	701.07	9999.00
71.43	701.07	0.00	71.43	701.07	9999.00	71.43	701.07	0.00	71.43	701.07	9999.00
119.05	701.07	0.00	119.05	701.07	9999.00	119.05	701.07	0.00	119.05	701.07	9999.00
166.67	701.07	0.00	166.67	701.07	9999.00	166.67	701.07	0.00	166.67	701.07	9999.00
214.29	701.07	0.00	214.29	701.07	9999.00	214.29	701.07	0.00	214.29	701.07	9999.00
261.90	701.07	0.00	261.90	701.07	9999.00	261.90	701.07	0.00	261.90	701.07	9999.00
309.52	701.07	0.00	309.52	701.07	9999.00	309.52	701.07	0.00	309.52	701.07	9999.00
357.14	701.07	0.00	357.14	701.07	9999.00	357.14	701.07	0.00	357.14	701.07	9999.00
404.76	701.07	0.00	404.76	701.07	9999.00	404.76	701.07	0.00	404.76	701.07	9999.00
452.38	701.07	0.00	452.38	701.07	9999.00	452.38	701.07	0.00	452.38	701.07	9999.00
500.00	701.07	0.00	500.00	701.07	9999.00	500.00	701.07	0.00	500.00	701.07	9999.00
547.62	701.07	0.00	547.62	701.07	9999.00	547.62	701.07	0.00	547.62	701.07	9999.00
595.24	701.07	0.00	595.24	701.07	9999.00	595.24	701.07	0.00	595.24	701.07	9999.00
642.86	701.07	0.00	642.86	701.07	9999.00	642.86	701.07	0.00	642.86	701.07	9999.00
690.48	701.07	0.00	690.48	701.07	9999.00	690.48	701.07	0.00	690.48	701.07	9999.00
738.10	701.07	0.00	738.10	701.07	9999.00	738.10	701.07	0.00	738.10	701.07	9999.00
785.71	701.07	0.00	785.71	701.07	9999.00	785.71	701.07	0.00	785.71	701.07	9999.00
833.33	701.07	0.00	833.33	701.07	9999.00	833.33	701.07	0.00	833.33	701.07	9999.00
880.95	701.07	0.00	880.95	701.07	9999.00	880.95	701.07	0.00	880.95	701.07	9999.00
928.57	701.07	0.00	928.57	701.07	9999.00	928.57	701.07	0.00	928.57	701.07	9999.00
976.19	701.07	0.00	976.19	701.07	9999.00	976.19	701.07	0.00	976.19	701.07	9999.00
0.00	742.31	0.00	0.00	742.31	9999.00						
47.62	742.31	0.00	47.62	742.31	9999.00	47.62	742.31	0.00	47.62	742.31	9999.00
95.24	742.31	0.00	95.24	742.31	9999.00	95.24	742.31	0.00	95.24	742.31	9999.00
142.86	742.31	0.00	142.86	742.31	9999.00	142.86	742.31	0.00	142.86	742.31	9999.00
190.48	742.31	0.00	190.48	742.31	9999.00	190.48	742.31	0.00	190.48	742.31	9999.00
238.10	742.31	0.00	238.10	742.31	9999.00	238.10	742.31	0.00	238.10	742.31	9999.00
285.71	742.31	0.00	285.71	742.31	9999.00	285.71	742.31	0.00	285.71	742.31	9999.00
333.33	742.31	0.00	333.33	742.31	9999.00	333.33	742.31	0.00	333.33	742.31	9999.00
380.95	742.31	0.00	380.95	742.31	9999.00	380.95	742.31	0.00	380.95	742.31	9999.00
428.57	742.31	0.00	428.57	742.31	9999.00	428.57	742.31	0.00	428.57	742.31	9999.00
476.19	742.31	0.00	476.19	742.31	9999.00	476.19	742.31	0.00	476.19	742.31	9999.00
523.81	742.31	0.00	523.81	742.31	9999.00	523.81	742.31	0.00	523.81	742.31	9999.00
571.43	742.31	0.00	571.43	742.31	9999.00	571.43	742.31	0.00	571.43	742.31	9999.00
619.05	742.31	0.00	619.05	742.31	9999.00	619.05	742.31	0.00	619.05	742.31	9999.00
666.67	742.31	0.00	666.67	742.31	9999.00	666.67	742.31	0.00	666.67	742.31	9999.00
714.29	742.31	0.00	714.29	742.31	9999.00	714.29	742.31	0.00	714.29	742.31	9999.00
761.90	742.31	0.00	761.90	742.31	9999.00	761.90	742.31	0.00	761.90	742.31	9999.00
809.52	742.31	0.00	809.52	742.31	9999.00	809.52	742.31	0.00	809.52	742.31	9999.00
857.14	742.31	0.00	857.14	742.31	9999.00	857.14	742.31	0.00	857.14	742.31	9999.00
904.76	742.31	0.00	904.76	742.31	9999.00	904.76	742.31	0.00	904.76	742.31	9999.00
952.38	742.31	0.00	952.38	742.31	9999.00	952.38	742.31	0.00	952.38	742.31	9999.00
1000.00	742.31	0.00	1000.00	742.31	9999.00						
23.81	783.55	0.00	23.81	783.55	9999.00	23.81	783.55	0.00	23.81	783.55	9999.00
71.43	783.55	0.00	71.43	783.55	9999.00	71.43	783.55	0.00	71.43	783.55	9999.00
119.05	783.55	0.00	119.05	783.55	9999.00	119.05	783.55	0.00	119.05	783.55	9999.00
166.67	783.55	0.00	166.67	783.55	9999.00	166.67	783.55	0.00	166.67	783.55	9999.00
214.29	783.55	0.00	214.29	783.55	9999.00	214.29	783.55	0.00	214.29	783.55	9999.00
261.90	783.55	0.00	261.90	783.55	9999.00	261.90	783.55	0.00	261.90	783.55	9999.00
309.52	783.55	0.00	309.52	783.55	9999.00	309.52	783.55	0.00	309.52	783.55	9999.00
357.14	783.55	0.00	357.14	783.55	9999.00	357.14	783.55	0.00	357.14	783.55	9999.00
404.76	783.55	0.00	404.76	783.55	9999.00	404.76	783.55	0.00	404.76	783.55	9999.00
452.38	783.55	0.00	452.38	783.55	9999.00	452.38	783.55	0.00	452.38	783.55	9999.00
500.00	783.55	0.00	500.00	783.55	9999.00	500.00	783.55	0.00	500.00	783.55	9999.00
547.62	783.55	0.00	547.62	783.55	9999.00	547.62	783.55	0.00	547.62	783.55	9999.00
595.24	783.55	0.00	595.24	783.55	9999.00	595.24	783.55	0.00	595.24	783.55	9999.00
642.86	783.55	0.00	642.86	783.55	9999.00	642.86	783.55	0.00	642.86	783.55	9999.00
690.48	783.55	0.00	690.48	783.55	9999.00	690.48	783.55	0.00	690.48	783.55	9999.00
738.10	783.55	0.00	738.10	783.55	9999.00	738.10	783.55	0.00	738.10	783.55	9999.00
785.71	783.55	0.00	785.71	783.55	9999.00	785.71	783.55	0.00	785.71	783.55	9999.00
833.33	783.55	0.00	833.33	783.55	9999.00	833.33	783.55	0.00	833.33	783.55	9999.00
880.95	783.55	0.00	880.95	783.55	9999.00	880.95	783.55	0.00	880.95	783.55	9999.00
928.57	783.55	0.00	928.57	783.55	9999.00	928.57	783.55	0.00	928.57	783.55	9999.00
976.19	783.55	0.00	976.19	783.55	9999.00	976.19	783.55	0.00	976.19	783.55	9999.00
0.00	824.79	0.00	0.00	824.79	9999.00						
47.62	824.79	0.00	47.62	824.79	9999.00	47.62	824.79	0.00	47.62	824.79	9999.00
95.24	824.79	0.00	95.24	824.79	9999.00	95.24	824.79	0.00	95.24	824.79	9999.00
142.86	824.79	0.00	142.86	824.79	9999.00	142.86	824.79	0.00	142.86	824.79	9999.00
190.48	824.79	0.00	190.48	824.79	9999.00	190.48	824.79	0.00	190.48	824.79	9999.00
238.10	824.79	0.00	238.10	824.79	9999.00	238.10	824.79	0.00	238.10	824.79	9999.00
285.71	824.79	0.00	285.71	824.79	9999.00	285.71	824.79	0.00	285.71	824.79	9999.00
333.33	824.79	0.00	333.33	824.79	9999.00	333.33	824.79	0.00	333.33	824.79	9999.00
380.95	824.79	0.00	380.95	824.79	9999.00	380.95	824.79	0.00	380.95	824.79	9999.00
428.57	824.79	0.00	428.57	824.79	9999.00	428.57	824.79	0.00	428.57	824.79	9999.00
476.19	824.79	0.00	476.19	824.79	9999.00	476.19	824.79	0.00	476.19	824.79	9999.00
523.81	824.79	0.00	523.81	824.79	9999.00	523.81	824.79	0.00	523.81	824.79	9999.00
571.43	824.79	0.00	571.43	824.79	9999.00	571.43	824.79	0.00	571.43	824.79	9999.00
619.05	824.79	0.00	619.05	824.79	9999.00	619.05	824.79	0.00	619.05	824.79	9999.00
666.67	824.79	0.00	666.67	824.79	9999.00	666.67	824.79	0.00	666.67	824.79	9999.00
714.29	824.79	0.00	714.29	824.79	9999.00	714.29	824.79	0.00	714.29	824.79	9999.00
761.90	824.79	0.00	761.90	824.79	9999.00	761.90	824.79	0.00	761.90	824.79	9999.00
809.52	824.79	0.00	809.52	824.79	9999.00	809.52	824.79	0.00	809.52	824.79	9999.00
857.14	824.79	0.00	857.14	824.79	9999.00	857.14	824.79	0.00	857.14	824.79	9999.00
904.76	824.79	0.00	904.76	824.79	9999.00	904.76	824.79	0.00	904.76	824.79	9999.00
952.38	824.79	0.00	952.38	824.79	9999.00	952.38	824.79	0.00	952.38	824.79	9999.00
1000.00	824.79	0.00	1000.00	824.79	9999.00						
23.81	866.03	0.00	23.81	866.03	9999.00	23.81	866.03	0.00	23.81	866.03	9999.00
71.43	866.03	0.00	71.43	866.03	9999.00	71.43	866.03	0.00	71.43	866.03	9999.00
119.05	866.03	0.00	119.05	866.03	9999.00	119.05	866.03	0.00	119.05	866.03	9999.00
166.67	866.03	0.00	166.67	866.03	9999.00	166.67	866.03	0.00	166.67	866.03	9999.00
214.29	866.03	0.00	214.29	866.03	9999.00	214.29	866.03	0.00	214.29	866.03	9999.00
261.90	866.03	0.00	261.90	866.03	9999.00	261.90	866.03	0.00	261.90	866.03	9999.00
309.52	866.03	0.00	309.52	866.03	9999.00	309.52	866.03	0.00	309.52	866.03	9999.00
357.14	866.03	0.00	357.14	866.03	9999.00	357.14	866.03	0.00	357.14	866.03	9999.00
404.76	866.03	0.00	404.76	866.03	9999.00	404.76	866.03	0.00	404.76	866.03	9999.00
452.38	866.03	0.00	452.38	866.03	9999.00	452.38	866.03	0.00	452.38	866.03	9999.00
500.00	866.03	0.00	500.00	866.03	9999.00	500.00	866.03	0.00	500.00	866.03	9999.00
547.62	866.03	0.00	547.62	866.03	9999.00	547.62	866.03	0.00	547.62	866.03	9999.00
595.24	866.03	0.00	595.24	866.03	9999.00	595.24	866.03	0.00	595.24	866.03	9999.00
642.86	866.03	0.00	642.86	866.03	9999.00	642.86	866.03	0.00	642.86	866.03	9999.00
690.48	866.03	0.00	690.48	866.03	9999.00	690.48	866.03	0.00	690.48	866.03	9999.00
738.10	866.03	0.00	738.10	866.03	9999.00	738.10	866.03	0.00	738.10	866.03	9999.00
785.71	866.03	0.00	785.71	866.03	9999.00	785.71	866.03	0.00	785.71	866.03	9999.00
833.33	866.03	0.00	833.33	866.03	9999.00	833.33	866.03	0.00	833.33	866.03	9999.00
880.95	866.03	0.00	880.95	866.03	9999.00	880.95	866.03	0.00	880.95	866.03	9999.00
928.57	866.03	0.00	928.57	866.03	9999.00	928.57	866.03	0.00	928.57	866.03	9999.00
976.19	866.03	0.00	976.19	866.03	9999.00	976.19	866.03	0.00	976.19	866.03	9999.00
0.00	907.26	0.00	0.00	907.26	9999.00						
47.62	907.26	0.00	47.62	907.26	9999.00	47.62	907.26	0.00	47.62	907.26	9999.00
95.24	907.26	0.00	95.24	907.26	9999.00	95.24	907.26	0.00	95.24	907.26	9999.00
142.86	907.26	0.00	142.86	907.26	9999.00	142.86	907.26	0.00	142.86	907.26	9999.00
190.48	907.26	0.00	190.48	907.26	9999.00	190.48	907.26	0.00	190.48	907.26	9999.00
238.10	907.26	0.00	238.10	907.26	9999.00	238.10	907.26	0.00	238.10	907.26	9999.00
285.71	907.26	0.00	285.71	907.26	9999.00	285.71	907.26	0.00	285.71	907.26	9999.00
333.33	907.26	0.00	333.33	907.26	9999.00	333.33	907.26	0.00	333.33	907.26	9999.00
380.95	907.26	0.00	380.95	907.26	9999.00	380.95	907.26	0.00	380.95	907.26	9999.00
428.57	907.26	0.00	428.57	907.26	9999.00	428.57	907.26	0.00	428.57	907.26	9999.00
476.19	907.26	0.00	476.19	907.26	9999.00	476.19	907.26	0.00	476.19	907.26	9999.00
523.81	907.26	0.00	523.81	907.26	9999.00	523.81	907.26	0.00	523.81	907.26	9999.00
571.43	907.26	0.00	571.43	907.26	9999.00	571.43	907.26	0.00	571.43	907.26	9999.00
619.05	907.26	0.00	619.05	907.26	9999.00	619.05	907.26	0.00	619.05	907.26	9999.00
666.67	907.26	0.00	666.67	907.26	9999.00	666.67	907.26	0.00	666.67	907.26	9999.00
714.29	907.26	0.00	714.29	907.26	9999.00	714.29	907.26	0.00	714.29	907.26	9999.00
761.90	907.26	0.00	761.90	907.26	9999.00	761.90	907.26	0.00	761.90	907.26	9999.00
809.52	907.26	0.00	809.52	907.26	9999.00	809.52	907.26	0.00	809.52	907.26	9999.00
857.14	907.26	0.00	857.14	907.26	9999.00	857.14	907.26	0.00	857.14	907.26	9999.00
904.76	907.26	0.00	904.76	907.26	9999.00	904.76	907.26	0.00	904.76	907.26	9999.00
952.38	907.26	0.00	952.38	907.26	9999.00	952.38	907.26	0.00	952.38	907.26	9999.00
1000.00	907.26	0.00	1000.00	907.26	9999.00						
23.81	948.50	0.00	23.81	948.50	9999.00	23.81	948.50	0.00	23.81	948.50	9999.00
71.43	948.50	0.00	71.43	948.50	9999.00	71.43	948.50	0.00	71.43	948.50	9999.00
119.05	948.50	0.00	119.05	948.50	9999.00	119.05	948.50	0.00	119.05	948.50	9999.00
166.67	948.50	0.00	166.67	948.50	9999.00	166.67	948.50	0.00	166.67	948.50	9999.00
214.29	948.50	0.00	214.29	948.50	9999.00	214.29	948.50	0.00	214.29	948.50	9999.00
261.90	948.50	0.00	261.90	948.50	9999.00	261.90	948.50	0.00	261.90	948.50	9999.00
309.52	948.50	0.00	309.52	948.50	9999.00	309.52	948.50	0.00	309.52	948.50	9999.00
357.14	948.50	0.00	357.14	948.50	9999.00	357.14	948.50	0.00	357.14	948.50	9999.00
404.76	948.50	0.00	404.76	948.50	9999.00	404.76	948.50	0.00	404.76	948.50	9999.00
452.38	948.50	0.00	452.38	948.50	9999.00	452.38	948.50	0.00	452.38	948.50	9999.00
500.00	948.50	0.00	500.00	948.50	9999.00	500.00	948.50	0.00	500.00	948.50	9999.00
547.62	948.50	0.00	547.62	948.50	9999.00	547.62	948.50	0.00	547.62	948.50	9999.00
595.24	948.50	0.00	595.24	948.50	9999.00	595.24	948.50	0.00	595.24	948.50	9999.00
642.86	948.50	0.00	642.86	948.50	9999.00	642.86	948.50	0.00	642.86	948.50	9999.00
690.48	948.50	0.00	690.48	948.50	9999.00	690.48	948.50	0.00	690.48	948.50	9999.00
738.10	948.50	0.00	738.10	948.50	9999.00	738.10	948.50	0.00	738.10	948.50	9999.00
785.71	948.50	0.00	785.71	948.50	9999.00	785.71	948.50	0.00	785.71	948.50	9999.00
833.33	948.50	0.00	833.33	948.50	9999.00	833.33	948.50	0.00	833.33	948.50	9999.00
880.95	948.50	0.00	880.95	948.50	9999.00	880.95	948.50	0.00	880.95	948.50	9999.00
928.57	948.50	0.00	928.57	948.50	9999.00	928.57	948.50	0.00	928.57	948.50	9999.00
976.19	948.50	0.00	976.19	948.50	9999.00	976.19	948.50	0.00	976.19	948.50	9999.00
0.00	989.74	0.00	0.00	989.74	9999.00						
47.62	989.74	0.00	47.62	989.74	9999.00	47.62	989.74	0.00	47.62	989.74	9999.00
95.24	989.74	0.00	95.24	989.74	9999.00	95.24	989.74	0.00	95.24	989.74	9999.00
142.86	989.74	0.00	142.86	989.74	9999.00	142.86	989.74	0.00	142.86	989.74	9999.00
190.48	989.74	0.00	190.48	989.74	9999.00	190.48	989.74	0.00	190.48	989.74	9999.00
238.10	989.74	0.00	238.10	989.74	9999.00	238.10	989.74	0.00	238.10	989.74	9999.00
285.71	989.74	0.00	285.71	989.74	9999.00	285.71	989.74	0.00	285.71	989.74	9999.00
333.33	989.74	0.00	333.33	989.74	9999.00	333.33	989.74	0.00	333.33	989.74	9999.00
380.95	989.74	0.00	380.95	989.74	9999.00	380.95	989.74	0.00	380.95	989.74	9999.00
428.57	989.74	0.00	428.57	989.74	9999.00	428.57	989.74	0.00	428.57	989.74	9999.00
476.19	989.74	0.00	476.19	989.74	9999.00	476.19	989.74	0.00	476.19	989.74	9999.00
523.81	989.74	0.00	523.81	989.74	9999.00	523.81	989.74	0.00	523.81	989.74	9999.00
571.43	989.74	0.00	571.43	989.74	9999.00	571.43	989.74	0.00	571.43	989.74	9999.00
619.05	989.74	0.00	619.05	989.74	9999.00	619.05	989.74	0.00	619.05	989.74	9999.00
666.67	989.74	0.00	666.67	989.74	9999.00	666.67	989.74	0.00	666.67	989.74	9999.00
714.29	989.74	0.00	714.29	989.74	9999.00	714.29	989.74	0.00	714.29	989.74	9999.00
761.90	989.74	0.00	761.90	989.74	9999.00	761.90	989.74	0.00	761.90	989.74	9999.00
809.52	989.74	0.00	809.52	989.74	9999.00	809.52	989.74	0.00	809.52	989.74	9999.00
857.14	989.74	0.00	857.14	989.74	9999.00	857.14	989.74	0.00	857.14	989.74	9999.00
904.76	989.74	0.00	904.76	989.74	9999.00	904.76	989.74	0.00	904.76	989.74	9999.00
952.38	989.74	0.00	952.38	989.74	9999.00	952.38	989.74	0.00	952.38	989.74	9999.00
1000.00	989.74	0.00	1000.00	989.74	9999.00						
/

ZCORN
3936*2270
7872*2270.5
7872*2271
7872*2271.5
7872*2272
7872*2272.5
7872*2273
7872*2273.5
7872*2274
7872*2274.5
7872*2275
7872*2275.5
7872*2276
7872*2276.5
7872*2277
7872*2277.5
3936*2278
/



EQUALS
PERMX  50    /
PORO   0.190 /
/

COPY
PERMX PERMY /
PERMX PERMZ /
/

MULTIPLY
PERMZ   0.1  /
/

GRIDFILE
1 1 /

INIT

------------------------------------------------------------------------------------------------------------------------
EDIT

------------------------------------------------------------------------------------------------------------------------
PROPS

SWOF
--	SW	KRW   	KRO   	PCOW
0.1800	0.0000	0.8000	1.2077
0.2000	0.0000	0.7000	1.0000
0.2200	0.0000	0.6223	0.8219
0.2400	0.0000	0.5506	0.6702
0.2600	0.0000	0.4846	0.5417
0.2800	0.0000	0.4241	0.4338
0.3000	0.0043	0.3688	0.3437
0.3200	0.0074	0.3186	0.2693
0.3400	0.0117	0.2732	0.2084
0.3600	0.0175	0.2323	0.1590
0.3800	0.0249	0.1957	0.1195
0.4000	0.0341	0.1631	0.0883
0.4200	0.0454	0.1344	0.0639
0.4400	0.0590	0.1093	0.0453
0.4600	0.0750	0.0875	0.0312
0.4800	0.0937	0.0688	0.0209
0.5000	0.1152	0.0530	0.0136
0.5200	0.1398	0.0398	0.0084
0.5400	0.1677	0.0290	0.0050
0.5600	0.1991	0.0204	0.0028
0.5800	0.2341	0.0137	0.0014
0.6000	0.2731	0.0086	0.0007
0.6200	0.3161	0.0050	0.0003
0.6400	0.3635	0.0025	0.0001
0.6600	0.4154	0.0011	0.0000
0.6800	0.4719	0.0003	0.0000
0.7000	0.5334	0.0000	0.0000
0.7200	0.6000	0.0000	0.0000
0.7400	0.6286	0.0000	0.0000
0.7600	0.6571	0.0000	0.0000
0.7800	0.6857	0.0000	0.0000
0.8000	0.7143	0.0000	0.0000
0.8200	0.7429	0.0000	0.0000
0.8400	0.7714	0.0000	0.0000
0.8600	0.8000	0.0000	0.0000
0.8800	0.8286	0.0000	0.0000
0.9000	0.8571	0.0000	0.0000
0.9200	0.8857	0.0000	0.0000
0.9400	0.9143	0.0000	0.0000
0.9600	0.9429	0.0000	0.0000
0.9800	0.9714	0.0000	0.0000
1.0000	1.0000	0.0000	0.0000
/


DENSITY
-- Oil   Water   Gas
   840   1006    0.777  /

PVDO
--  Press    Bo       Muo
		80		1.17563		1.23565
		230		1.15000		1.40000
		450		1.11343		1.64104
/

PVTW
-- Pref       Bw          Comp       Muw
   230      1.0131       4.5E-05    0.34     /

ROCK
--   RefPressure      Compressibility
--   BARSA               1/BARSA
     230                 1.5E-04      /

------------------------------------------------------------------------------------------------------------------------
REGIONS

------------------------------------------------------------------------------------------------------------------------
SOLUTION

EQUIL
2274  230  2300  0.0  0.0  0.0  1  1  /

RPTSOL
RESTART=2 FIP=2 'PRES' 'SWAT' /

RPTRST
'ALLPROPS' /

------------------------------------------------------------------------------------------------------------------------
SUMMARY

WOPR
/
WOPT
/
WWPR
/
WWPT
/
WLPR
/
WLPT
/
WWIR
/
WWIT
/
WGPR
/
WGPT
/
WWCT
/
WGOR
/
WBHP
/
WBP9
/
WBP
/
WTHP
/

WOPRH
/
WOPTH
/
WWPRH
/
WWPTH
/
WLPRH
/
WLPTH
/
WWIRH
/
WWITH
/
WGPRH
/
WGPTH
/
WWCTH
/
WGORH
/
WBHPH
/
WTHPH
/

FOPR
FWPR
FLPR
FWIR
FGPR

FOPT
FWPT
FLPT
FWIT
FGPT

FPR
FWCT
FGOR

FMWPR
FMWIN

FOPRH
FWPRH
FLPRH
FWIRH
FGPRH

FOPTH
FWPTH
FLPTH
FWITH
FGPTH

FWCTH
FGORH

ROPR
/
RWPR
/
RWIR
/
RGPR
/
ROPT
/
RWPT
/
RWIT
/
RGPT
/
RPR
/
ROFT
/
ROFTL
/
ROFTG
/

GOPR
/
GOPT
/
GWPR
/
GWPT
/
GGPR
/
GGPT
/
GLPR
/
GLPT
/
GWIR
/
GWIT
/
GMWPR
/
GMWIN
/

FAQR

DATE

RUNSUM

SEPARATE

RPTONLY

RPTSMRY
1 /

MONITOR

EXCEL

------------------------------------------------------------------------------------------------------------------------
SCHEDULE


RPTSCHED
'FIP=2' 'RESTART=2' 'SUMMARY=2' 'WELLS=2' 'WELSPECS=2'  /

RPTRST
'BASIC=2' 'FREQ=1' /

TUNING
0.001 0.5 0.001 6* 1 /
/
1* 1* 50  1*  1* 4* /

MATCORR
/




WELSPECS
'P1'	A1	 1	 1	1*	OIL	/
'P2'	A1	41	 1	1*	OIL	/
'P3'	A1	41	24	1*	OIL	/
'P4'	A1	 1	24	1*	OIL	/
'I1'	A1	21	13	1*	OIL	/
/

COMPDAT
'*'   2*   1   16   OPEN   2*   0.1905   1*   0.0    /
/

WCONPROD
'P*' OPEN BHP 5* 80 /
/

WECON
'P*'  0.595  1*  0.976  2*  WELL  /
/

WCONINJE
'I*' WATER OPEN GRUP 2* 430 /
/

GCONINJE
'FIELD'	WATER	VREP 3* 1.01 /
/

WEFAC
'*' 0.95 /
/


DATES
1 Feb 2020 /
1 Mar 2020 /
1 Apr 2020 /
1 May 2020 /
1 Jun 2020 /
1 Jul 2020 /
1 Aug 2020 /
1 Sep 2020 /
1 Oct 2020 /
1 Nov 2020 /
1 Dec 2020 /
1 Jan 2021 /
1 Feb 2021 /
1 Mar 2021 /
1 Apr 2021 /
1 May 2021 /
1 Jun 2021 /
1 Jul 2021 /
1 Aug 2021 /
1 Sep 2021 /
1 Oct 2021 /
1 Nov 2021 /
1 Dec 2021 /
1 Jan 2022 /
1 Feb 2022 /
1 Mar 2022 /
1 Apr 2022 /
1 May 2022 /
1 Jun 2022 /
1 Jul 2022 /
1 Aug 2022 /
1 Sep 2022 /
1 Oct 2022 /
1 Nov 2022 /
1 Dec 2022 /
1 Jan 2023 /
1 Feb 2023 /
1 Mar 2023 /
1 Apr 2023 /
1 May 2023 /
1 Jun 2023 /
1 Jul 2023 /
1 Aug 2023 /
1 Sep 2023 /
1 Oct 2023 /
1 Nov 2023 /
1 Dec 2023 /
1 Jan 2024 /
1 Jan 2025 /
1 Jan 2026 /
1 Jan 2027 /
1 Jan 2028 /
1 Jan 2029 /
1 Jan 2030 /
1 Jan 2031 /
--1 Jan 2032 /
--1 Jan 2033 /
--1 Jan 2034 /
--1 Jan 2035 /
--1 Jan 2036 /
--1 Jan 2037 /
--1 Jan 2038 /
--1 Jan 2039 /
--1 Jan 2040 /
--1 Jan 2041 /
--1 Jan 2042 /
--1 Jan 2043 /
--1 Jan 2044 /
--1 Jan 2045 /
--1 Jan 2046 /
--1 Jan 2047 /
--1 Jan 2048 /
--1 Jan 2049 /
--1 Jan 2050 /
--1 Jan 2051 /
--1 Jan 2052 /
--1 Jan 2053 /
--1 Jan 2054 /
--1 Jan 2055 /
--1 Jan 2056 /
--1 Jan 2057 /
--1 Jan 2058 /
--1 Jan 2059 /
--1 Jan 2060 /
--1 Jan 2061 /
--1 Jan 2062 /
--1 Jan 2063 /
--1 Jan 2064 /
--1 Jan 2065 /
--1 Jan 2066 /
--1 Jan 2067 /
--1 Jan 2068 /
--1 Jan 2069 /
--1 Jan 2070 /
--1 Jan 2071 /
--1 Jan 2072 /
--1 Jan 2073 /
--1 Jan 2074 /
--1 Jan 2075 /
--1 Jan 2076 /
--1 Jan 2077 /
--1 Jan 2078 /
--1 Jan 2079 /
--1 Jan 2080 /
--1 Jan 2081 /
--1 Jan 2082 /
--1 Jan 2083 /
--1 Jan 2084 /
--1 Jan 2085 /
--1 Jan 2086 /
--1 Jan 2087 /
--1 Jan 2088 /
--1 Jan 2089 /
--1 Jan 2090 /
--1 Jan 2091 /
--1 Jan 2092 /
--1 Jan 2093 /
--1 Jan 2094 /
--1 Jan 2095 /
--1 Jan 2096 /
--1 Jan 2097 /
--1 Jan 2098 /
--1 Jan 2099 /
--1 Jan 2100 /
--1 Jan 2101 /
--1 Jan 2102 /
--1 Jan 2103 /
--1 Jan 2104 /
--1 Jan 2105 /
--1 Jan 2106 /
--1 Jan 2107 /
--1 Jan 2108 /
--1 Jan 2109 /
--1 Jan 2110 /
--1 Jan 2111 /
--1 Jan 2112 /
--1 Jan 2113 /
--1 Jan 2114 /
--1 Jan 2115 /
--1 Jan 2116 /
--1 Jan 2117 /
--1 Jan 2118 /
--1 Jan 2119 /
--1 Jan 2120 /
--1 Jan 2121 /
/





END

